lastAccountName: Hikusame
timestamps:
  login: 1540840163290
  lastteleport: 1540840228570
  logout: 1540840797231
ipAddress: 176.139.66.178
lastlocation:
  world: world
  x: -17.549849742429693
  y: 98.993098041758
  z: -96.90415951345388
  yaw: 201.8999
  pitch: 40.799984
afk: false
logoutlocation:
  world: world
  x: 2530.896655331509
  y: 45.23595755382046
  z: 2498.582668695686
  yaw: 315.1501
  pitch: 1.649992
